1	0	0
2	0	-0.2
3	-0.1	-0.4
4	-0.1	-0.8
5	-0.1	-1.3
6	-0.1	-1.8
7	-0.1	-2.3
8	-0.1	-2.8
9	-0.1	-3.2
10	-0.1	-3.6
11	-0.1	-3.9
12	-0.1	-4
13	-0.1	-4.1
14	-0.2	-4
15	-0.2	-3.8
16	-0.2	-3.5
17	-0.2	-3.2
18	-0.2	-2.7
19	-0.2	-2.2
20	-0.2	-1.7
21	-0.2	-1.2
22	-0.2	-0.8
23	-0.1	-0.5
24	-0.2	-0.2
25	-0.2	-0.1
26	-0.2	-0.2
27	-0.2	-0.3
28	-0.2	-0.6
29	-0.2	-0.9
30	-0.2	-1.3
31	-0.2	-1.8
32	-0.2	-2.2
33	-0.2	-2.7
34	-0.2	-3.1
35	-0.2	-3.4
36	-0.2	-3.7
37	-0.3	-3.9
38	-0.3	-4
39	-0.3	-3.9
40	-0.3	-3.8
41	-0.3	-3.6
42	-0.3	-3.2
43	-0.3	-2.8
44	-0.3	-2.3
45	-0.3	-1.9
46	-0.3	-1.4
47	-0.3	-1
48	-0.4	-0.6
49	-0.4	-0.4
50	-0.5	-0.2
51	-0.5	-0.2
52	-0.5	-0.3
53	-0.6	-0.5
54	-0.6	-0.8
55	-0.6	-1.2
56	-0.6	-1.6
57	-0.6	-2.1
58	-0.6	-2.5
59	-0.6	-3
60	-0.6	-3.3
61	-0.6	-3.7
62	-0.6	-3.9
63	-0.6	-4
64	-0.6	-4
65	-0.6	-3.9
66	-0.6	-3.6
67	-0.6	-3.3
68	-0.6	-2.8
69	-0.5	-2.3
70	-0.5	-1.8
71	-0.5	-1.3
72	-0.5	-0.9
73	-0.5	-0.5
74	-0.4	-0.3
75	-0.4	-0.1
76	-0.4	-0.1
77	-0.4	-0.2
78	-0.4	-0.5
79	-0.4	-0.8
80	-0.4	-1.1
81	-0.5	-1.6
82	-0.5	-2
83	-0.5	-2.5
84	-0.5	-2.9
85	-0.5	-3.3
86	-0.5	-3.6
87	-0.5	-3.9
88	-0.4	-3.9
89	-0.4	-3.9
90	-0.3	-3.7
91	-0.3	-3.4
92	-0.3	-3
93	-0.2	-2.6
94	-0.2	-2.1
95	-0.2	-1.7
96	-0.2	-1.2
97	-0.1	-0.9
98	-0.1	-0.6
99	-0.1	-0.4
100	-0.1	-0.3
101	-0.1	-0.3
102	-0.1	-0.3
103	-0.1	-0.5
104	-0.1	-0.8
105	-0.1	-1.1
106	-0.1	-1.5
107	-0.1	-1.9
108	-0.1	-2.3
109	-0.1	-2.7
110	-0.1	-3.1
111	-0.1	-3.4
112	-0.1	-3.6
113	-0.2	-3.7
114	-0.2	-3.6
115	-0.2	-3.5
116	-0.2	-3.3
117	-0.2	-2.9
118	-0.2	-2.5
119	-0.2	-2.1
120	-0.1	-1.7
121	-0.1	-1.4
122	-0.1	-1
123	-0.1	-0.7
124	-0.1	-0.5
125	-0.1	-0.3
126	-0.1	-0.2
127	-0.1	-0.3
128	-0.1	-0.4
129	-0.1	-0.6
130	-0.1	-0.9
131	-0.1	-1.3
132	-0.1	-1.7
133	-0.2	-2.1
134	-0.2	-2.6
135	-0.2	-3
136	-0.2	-3.3
137	-0.2	-3.5
138	-0.2	-3.6
139	-0.2	-3.6
140	-0.2	-3.5
141	-0.2	-3.2
142	-0.2	-2.9
143	-0.2	-2.6
144	-0.2	-2.2
145	-0.2	-1.8
146	-0.2	-1.4
147	-0.2	-1
148	-0.2	-0.7
149	-0.2	-0.4
150	-0.3	-0.3
151	-0.3	-0.2
152	-0.3	-0.2
153	-0.3	-0.3
154	-0.3	-0.6
155	-0.3	-0.9
156	-0.3	-1.3
157	-0.3	-1.8
158	-0.3	-2.3
159	-0.3	-2.7
160	-0.3	-3.1
161	-0.3	-3.3
162	-0.3	-3.5
163	-0.3	-3.5
164	-0.3	-3.5
165	-0.3	-3.3
166	-0.3	-3.1
167	-0.3	-2.8
168	-0.3	-2.5
169	-0.3	-2.2
170	-0.3	-1.8
171	-0.3	-1.5
172	-0.3	-1.2
173	-0.3	-0.9
174	-0.3	-0.7
175	-0.3	-0.5
176	-0.3	-0.4
177	-0.3	-0.5
178	-0.3	-0.6
179	-0.3	-0.8
180	-0.3	-1.2
181	-0.3	-1.5
182	-0.3	-1.9
183	-0.3	-2.3
184	-0.3	-2.7
185	-0.3	-3
186	-0.3	-3.2
187	-0.3	-3.3
188	-0.3	-3.4
189	-0.3	-3.4
190	-0.2	-3.3
191	-0.2	-3.1
192	-0.2	-2.9
193	-0.2	-2.7
194	-0.2	-2.4
195	-0.2	-2.1
196	-0.2	-1.8
197	-0.2	-1.4
198	-0.2	-1.1
199	-0.1	-0.7
200	-0.1	-0.5
201	0	-0.3
202	0	-0.2
203	0.1	-0.3
204	0.1	-0.4
205	0.2	-0.6
206	0.3	-0.8
207	0.4	-1.1
208	0.5	-1.3
209	0.7	-1.5
210	0.9	-1.6
211	1	-1.6
212	1.3	-1.5
213	1.5	-1.4
214	1.8	-1.1
215	2.1	-0.7
216	2.4	-0.2
217	2.8	0.3
218	3.3	1
219	3.8	1.8
220	4.4	2.7
221	5	3.6
222	5.7	4.7
223	6.5	5.8
224	7.4	6.9
225	8.3	8
226	9.4	9.1
227	10.5	10.2
228	11.8	11.2
229	13.2	12.3
230	14.7	13.5
231	16.3	14.7
232	18.1	16.1
233	20.1	17.6
234	22.2	19.4
235	24.4	21.3
236	26.8	23.5
237	29.4	25.9
238	32.1	28.5
239	35	31.3
240	38	34.4
241	41.2	37.7
242	44.6	41.3
243	48.1	45
244	51.7	49
245	55.5	53.1
246	59.3	57.4
247	63.2	61.8
248	67.2	66.2
249	71.2	70.7
250	75.2	75.1
251	79.2	79.4
252	83.2	83.7
253	87	87.8
254	90.8	91.9
255	94.4	95.8
256	97.8	99.7
257	101	103.4
258	103.9	107
259	106.5	110.5
260	108.9	113.8
261	110.8	117
262	112.5	120
263	113.7	122.8
264	114.5	125.4
265	114.8	127.8
266	114.7	130
267	114.1	132.1
268	113	134
269	111.4	135.7
270	109.3	137.2
271	106.5	138.5
272	103.2	139.7
273	99.3	140.7
274	94.8	141.5
275	89.6	142.1
276	83.8	142.5
277	77.3	142.8
278	70.2	142.9
279	62.3	142.9
280	53.8	142.8
281	44.7	142.6
282	35	142.4
283	24.9	142.2
284	14.3	141.9
285	3.5	141.7
286	-7.4	141.3
287	-18.3	141
288	-29	140.7
289	-39.2	140.4
290	-48.9	140.1
291	-57.9	139.9
292	-65.9	139.7
293	-72.9	139.5
294	-78.8	139.3
295	-83.3	139.2
296	-86.5	139
297	-88.3	138.7
298	-88.5	138.3
299	-87.1	137.7
300	-84	137
301	-79.2	136.2
302	-72.7	135.1
303	-64.7	134
304	-55.5	132.7
305	-45.4	131.3
306	-35.2	129.8
307	-25.6	128.1
308	-17.5	126.4
309	-11.6	124.6
310	-8.6	122.7
311	-9	120.7
312	-12.9	118.7
313	-19.9	116.6
314	-29.3	114.4
315	-40.1	112.3
316	-51.3	110.1
317	-61.7	107.8
318	-70.4	105.5
319	-76.7	103
320	-80.4	100.3
321	-81.4	97.4
322	-79.8	94
323	-75.9	90.2
324	-70.2	85.8
325	-62.9	80.7
326	-54.5	74.8
327	-45.1	68.1
328	-35.3	60.4
329	-25.2	51.7
330	-15.4	41.9
331	-6.5	31.2
332	1.3	19.4
333	7.4	6.8
334	11.6	-6.8
335	13.9	-21
336	14.5	-35.7
337	14	-50.7
338	12.9	-65.7
339	12.1	-80.4
340	12	-94.3
341	12.9	-107.1
342	14.8	-118.1
343	17.4	-126.8
344	20.3	-132.5
345	22.8	-134.6
346	24.6	-132.3
347	25.2	-125.1
348	24.8	-112.4
349	23.3	-94.2
350	21.3	-70.6
351	19.2	-42.7
352	17.2	-11.9
353	15.7	19.4
354	14.4	48.4
355	13.2	72
356	11.6	87.6
357	9.2	93.4
358	5.6	88.5
359	0.9	73.9
360	-4.6	51.6
361	-10.5	24.3
362	-15.8	-4.6
363	-19.9	-32.4
364	-22.4	-56.6
365	-23	-75.6
366	-21.9	-88.5
367	-19.5	-95
368	-16.4	-95.6
369	-13.2	-90.9
370	-10.3	-82.1
371	-8.2	-70.4
372	-6.9	-57.2
373	-6.3	-43.8
374	-6.5	-31.4
375	-7.2	-21
376	-8.4	-13.1
377	-10.2	-7.9
378	-12.7	-5.4
379	-16	-5.1
380	-20.1	-6.4
381	-25	-8.6
382	-30.5	-11
383	-36	-13.1
384	-40.9	-14.4
385	-44.8	-14.7
386	-47.1	-14
387	-47.8	-12.4
388	-47.1	-10.1
389	-45.1	-7.3
390	-42.5	-4.2
391	-39.4	-0.8
392	-36.3	2.8
393	-33	6.4
394	-29.5	10.1
395	-25.6	13.6
396	-20.9	16.7
397	-15.6	19.2
398	-9.6	20.6
399	-3.6	20.8
400	1.8	19.6
401	6	16.8
402	8.3	12.7
403	8.6	7.4
404	7	1.2
405	4.1	-5.6
406	1	-12.6
407	-1.3	-19.4
408	-1.9	-25.8
409	-0.3	-31.4
410	3.6	-36.1
411	9.1	-39.7
412	15.4	-42.2
413	21.2	-43.4
414	25.4	-43.5
415	27.4	-42.5
416	26.6	-40.6
417	23.1	-38
418	17.2	-35.3
419	9.6	-32.8
420	0.6	-31
421	-9.1	-30.3
422	-19.5	-31.1
423	-30.3	-33.4
424	-41.5	-37
425	-52.8	-41.5
426	-63.8	-46.4
427	-73.5	-50.9
428	-80.9	-54.2
429	-84.8	-55.7
430	-84.5	-54.8
431	-79.3	-51.1
432	-69.6	-44.6
433	-56	-35.5
434	-40.1	-24.3
435	-23.2	-11.7
436	-7.1	1.3
437	7.2	13.6
438	19	24
439	28.5	31.5
440	36.3	35.5
441	43.2	35.7
442	49.9	32.1
443	57.2	25.6
444	64.7	16.9
445	71.9	7.4
446	77.7	-2.1
447	80.7	-10.6
448	79.6	-17.7
449	74	-23.2
450	63.9	-27.3
451	50.4	-30.5
452	35.2	-33.1
453	20.1	-35.5
454	6.9	-37.9
455	-3.6	-40.3
456	-11.3	-42.4
457	-16.7	-44.1
458	-20.8	-44.8
459	-24.7	-44.4
460	-29.2	-42.7
461	-34.6	-39.7
462	-40.5	-35.7
463	-46	-30.9
464	-49.7	-25.8
465	-50.5	-20.7
466	-47.7	-16
467	-41.2	-11.7
468	-31.8	-7.9
469	-20.9	-4.6
470	-10	-1.5
471	-0.8	1.6
472	5.8	5
473	9.5	8.8
474	10.7	13.2
475	10.1	18.1
476	8.6	23.2
477	6.7	28.2
478	4.6	32.8
479	1.9	36.6
480	-2.2	39.3
481	-8.1	40.6
482	-16.3	40.4
483	-26.6	38.8
484	-38.1	35.9
485	-49.6	31.9
486	-59.4	26.9
487	-65.8	20.9
488	-67.5	14.1
489	-64	6.3
490	-55.4	-2.5
491	-42.6	-12.4
492	-27.2	-23
493	-10.9	-34.3
494	4.9	-45.5
495	18.9	-56
496	30.6	-65
497	40.2	-71.6
498	47.7	-74.8
499	53.6	-73.9
500	57.9	-68.7
501	60.5	-58.9
502	60.8	-45.2
503	58.4	-28.6
504	52.8	-10.7
505	43.7	6.3
506	31.3	20.4
507	16	29.4
508	-1.1	32
509	-18.8	27.7
510	-35.7	17.1
511	-50.8	1.9
512	-63.4	-15.8
513	-73	-33.7
514	-79.8	-49.6
515	-84.2	-62
516	-86.5	-70.1
517	-87	-73.4
518	-85.9	-72.4
519	-83.2	-67.4
520	-78.9	-59.4
521	-73.1	-49.2
522	-65.9	-37.5
523	-57.8	-25.1
524	-49.1	-12.5
525	-40.4	-0.2
526	-32.3	11.3
527	-24.9	21.9
528	-18.6	31.1
529	-13.4	38.7
530	-9	44.4
531	-5.4	47.9
532	-2.1	49.1
533	0.9	47.7
534	3.8	43.8
535	6.6	37.6
536	9	29.4
537	10.8	19.6
538	12	8.8
539	12.6	-2.4
540	12.9	-13.2
541	13.3	-23.2
542	14	-32
543	15.1	-39.1
544	16.8	-44.5
545	18.8	-48.1
546	20.6	-50.1
547	21.6	-50.6
548	21.5	-49.8
549	19.9	-48
550	16.6	-45.2
551	11.9	-41.7
552	6.1	-37.4
553	-0.2	-32.5
554	-6.4	-27
555	-11.9	-20.9
556	-16.6	-14.1
557	-20.6	-6.6
558	-24.4	1.3
559	-28.5	9.6
560	-33.6	17.6
561	-39.7	24.9
562	-46.8	30.8
563	-54	34.5
564	-60.2	35.7
565	-64.3	34
566	-65.4	29.7
567	-63.3	23.2
568	-58.3	15.2
569	-51.5	6.3
570	-44.2	-2.8
571	-37.7	-11.6
572	-33.1	-19.6
573	-31	-26.7
574	-31.3	-32.6
575	-33.5	-37.4
576	-36.5	-41.1
577	-39.3	-43.5
578	-41.1	-44.7
579	-41.6	-44.5
580	-41.1	-42.6
581	-40.5	-38.7
582	-40.7	-32.5
583	-42.8	-23.9
584	-47.4	-12.9
585	-54.3	0.1
586	-62.3	14.2
587	-69.9	28.2
588	-75.5	40.7
589	-77.8	50.2
590	-76.2	55.7
591	-71.1	56.3
592	-63.1	51.6
593	-53.8	42.1
594	-44.4	28.5
595	-36.2	11.8
596	-29.7	-6.7
597	-24.8	-25.7
598	-20.7	-44
599	-16.3	-60.7
600	-10.5	-75.4
601	-2.3	-87.6
602	8.5	-97.3
603	21.2	-104.6
604	34.6	-109.7
605	46.9	-112.4
606	56.2	-112.8
607	61.5	-110.6
608	62.4	-105.4
609	59.8	-97.1
610	55	-85.3
611	49.6	-70.5
612	44.9	-52.8
613	41.6	-33.3
614	39.5	-12.7
615	38	7.9
616	36	27.4
617	32.3	45
618	26.2	60.1
619	17.6	72.3
620	7	81.5
621	-4.5	87.9
622	-15.4	91.8
623	-24.2	93.7
624	-29.9	93.7
625	-32.2	92.3
626	-31.4	89.4
627	-28.6	84.9
628	-25.1	78.6
629	-22.1	70.5
630	-20.5	60.5
631	-19.9	48.8
632	-20	35.9
633	-19.6	22.4
634	-18	9.1
635	-14.8	-3.3
636	-10.2	-14.5
637	-5	-24.2
638	-0.5	-32.3
639	2.1	-39.1
640	1.7	-44.9
641	-2	-49.9
642	-9	-54.3
643	-18.5	-58.2
644	-29.2	-61.4
645	-39.6	-63.5
646	-48.5	-64.1
647	-55	-62.8
648	-59	-58.9
649	-60.8	-52.3
650	-61.4	-43
651	-61.6	-31.4
652	-62.1	-18.4
653	-63	-4.9
654	-63.8	7.7
655	-63.7	18.2
656	-62	25.6
657	-58.2	29.5
658	-52.4	29.7
659	-45.3	26.6
660	-38.1	20.9
661	-31.9	13.7
662	-27.9	5.7
663	-26.9	-1.9
664	-28.9	-8.5
665	-33.6	-13.7
666	-40	-17.1
667	-47	-18.9
668	-53.4	-19.2
669	-58.4	-18.4
670	-61.7	-17
671	-63.4	-15.3
672	-64	-13.6
673	-63.9	-12.2
674	-63.5	-11.2
675	-62.7	-10.7
676	-60.9	-11
677	-57.5	-12.3
678	-51.8	-15
679	-43.5	-19.2
680	-33	-25.4
681	-20.9	-33.4
682	-8.5	-42.9
683	2.9	-53.3
684	12.2	-63.8
685	18.4	-73.3
686	21.2	-80.8
687	21.1	-85.7
688	18.9	-87.4
689	15.6	-85.9
690	12.3	-81.3
691	9.4	-74.1
692	7	-64.6
693	4.2	-53.5
694	0	-41.2
695	-6.7	-28.3
696	-15.6	-14.8
697	-25.8	-1.2
698	-35.7	12.5
699	-43.2	26
700	-47	39.1
701	-46.1	51.4
702	-40.4	62.5
703	-31	71.5
704	-19.4	78
705	-7.3	81.3
706	3.4	81
707	11.4	77.4
708	16.3	70.7
709	18.1	61.8
710	18	51.4
711	17.2	40.6
712	17.4	30.1
713	19.1	20.4
714	22.4	11.7
715	26.2	4
716	28.5	-2.8
717	27.2	-9
718	20.7	-14.8
719	9	-20.5
720	-6.6	-26
721	-24.2	-31.3
722	-41.2	-36.1
723	-55.6	-40.3
724	-66	-43.6
725	-71.9	-45.9
726	-73.9	-47.5
727	-73.2	-48.4
728	-71.2	-49.2
729	-69.1	-50
730	-67.8	-50.9
731	-67.2	-51.7
732	-66.7	-52
733	-64.7	-51
734	-59.7	-48
735	-50.4	-42.3
736	-36.4	-34
737	-18.2	-23.3
738	2.4	-11.4
739	22.8	0.3
740	40.4	10
741	53.1	16
742	60	17
743	61.4	12.5
744	58.2	2.7
745	51.5	-11.2
746	42.8	-27.7
747	32.9	-44.7
748	22.1	-60.6
749	10.4	-74
750	-2.8	-84.4
751	-17.6	-91.5
752	-33.8	-96.1
753	-50.9	-98.9
754	-67.6	-100.5
755	-82.1	-101.4
756	-92.5	-101.6
757	-96.9	-100.8
758	-94.5	-98.4
759	-85.1	-93.8
760	-69.7	-86.7
761	-50.4	-77
762	-29.4	-65
763	-9.1	-51.3
764	8.8	-36.8
765	23.2	-22.3
766	33.9	-8.5
767	40.9	3.9
768	44.8	14.7
769	46	23.9
770	44.8	31.9
771	41.5	39.3
772	36	46.5
773	28.2	54
774	18.3	62
775	6.3	70.2
776	-7	77.7
777	-20.7	83.5
778	-33.6	86.5
779	-44.4	85.6
780	-52.2	80.5
781	-56.2	71.2
782	-56.5	58.7
783	-53.6	44.1
784	-48.5	28.5
785	-41.8	13.2
786	-34.4	-1.3
787	-26.4	-14.8
788	-18.2	-27.2
789	-9.5	-38.9
790	-0.4	-50.2
791	8.9	-61.3
792	18.2	-72
793	26.9	-82
794	34.4	-90.7
795	39.8	-97
796	42.6	-99.9
797	42.6	-98.3
798	39.7	-91.6
799	34.3	-79.5
800	27.2	-62.2
801	19.1	-40.9
802	10.8	-17.4
803	3	6
804	-4.1	27.1
805	-10.5	43.5
806	-16.3	53.8
807	-21.5	57.2
808	-26.1	53.7
809	-29.9	44.6
810	-32.4	31.2
811	-33.1	15.6
812	-31.8	-0.5
813	-28.5	-15.8
814	-23.3	-29.2
815	-16.9	-40.4
816	-10.3	-49.4
817	-4.5	-56.3
818	-0.4	-61.6
819	1.4	-65.6
820	0.5	-68.5
821	-2.9	-70.3
822	-8.3	-70.9
823	-15.1	-70.1
824	-22.6	-67.7
825	-30.1	-63.5
826	-37	-57.6
827	-43	-50.3
828	-47.5	-42.2
829	-50.2	-33.9
830	-50.8	-26.3
831	-49	-20.1
832	-45.2	-15.4
833	-39.7	-12.5
834	-33.1	-10.8
835	-26.2	-10
836	-19.7	-9.2
837	-14.4	-8.1
838	-11	-6.2
839	-9.5	-3.6
840	-10	-0.3
841	-11.8	3.4
842	-14.4	7.2
843	-17.2	10.6
844	-19.6	13.6
845	-21.5	16
846	-23.2	17.9
847	-25.2	19.3
848	-28.1	20.4
849	-31.9	21.4
850	-36.2	22.3
851	-40.1	22.9
852	-42.5	23.2
853	-43	22.6
854	-41.6	20.8
855	-39	17
856	-36	11
857	-33.9	2.6
858	-33.4	-8
859	-34.6	-20.2
860	-37.3	-33.2
861	-40.7	-45.6
862	-43.7	-56.3
863	-45.3	-64.5
864	-44.2	-69.5
865	-39.7	-71.2
866	-31.8	-70
867	-21.3	-66.2
868	-9.5	-60.8
869	1.8	-54.3
870	10.8	-47.3
871	16.5	-40.5
872	19.4	-34
873	21.2	-28
874	24	-22.6
875	28.9	-17.6
876	36.2	-13
877	45.3	-8.6
878	54.8	-4.6
879	63.2	-1
880	69	1.9
881	71.3	3.9
882	69.8	4.7
883	64.9	3.8
884	57.4	1.3
885	48.6	-3.2
886	39.7	-9.3
887	32	-17
888	25.8	-26
889	21.2	-35.9
890	17.3	-46.5
891	13.1	-57.3
892	7.4	-68
893	-0.6	-78.1
894	-10.7	-87.3
895	-21.8	-95
896	-32.1	-101
897	-40.4	-104.8
898	-45.8	-106.5
899	-48.4	-106
900	-48.2	-103.3
901	-46	-98.6
902	-42.3	-92
903	-37.7	-83.7
904	-32.1	-73.9
905	-25.8	-62.8
906	-18.4	-50.7
907	-10	-37.9
908	-0.5	-25.1
909	9.9	-12.8
910	20.7	-1.6
911	31.1	7.9
912	40.1	15.2
913	46.6	20.1
914	49.9	22.3
915	49.4	22.2
916	45.5	20.2
917	38.8	16.7
918	30.3	12.4
919	20.6	8
920	10.2	3.9
921	-0.9	0.6
922	-12.9	-1.9
923	-25.8	-3.6
924	-39.1	-4.7
925	-52.5	-5.4
926	-64.8	-5.9
927	-75.2	-6.4
928	-82.6	-6.9
929	-86.6	-7.3
930	-86.9	-7.6
931	-84.1	-7.6
932	-79	-7.3
933	-72.9	-6.5
934	-66.6	-5.5
935	-61.1	-4.4
936	-56.2	-3.4
937	-51.5	-3
938	-45.9	-3.5
939	-38.4	-5.1
940	-28.6	-7.9
941	-16.6	-12
942	-3.4	-17.2
943	9.5	-23.1
944	20.2	-29.5
945	27.5	-36
946	30.9	-42.2
947	30.4	-48.1
948	26.6	-53.3
949	20.8	-57.6
950	14.3	-60.9
951	8.5	-62.8
952	4.2	-63.1
953	1.7	-61.3
954	0.6	-57.4
955	0.4	-51.5
956	0.3	-43.8
957	-0.5	-35.1
958	-1.9	-26
959	-3.3	-17.4
960	-3.6	-10.1
961	-1.7	-4.6
962	3.2	-1.3
963	11.1	-0.2
964	21.1	-1.1
965	31.9	-3.7
966	41.5	-7.5
967	48.5	-12.1
968	52.2	-17.1
969	52.3	-22.4
970	49.4	-27.6
971	44.5	-32.7
972	38.7	-37.6
973	33	-42.2
974	27.9	-46.3
975	23.5	-49.6
976	18.8	-52
977	12.9	-53.1
978	4.7	-52.6
979	-6.2	-50.3
980	-19.3	-46.5
981	-33.3	-41.4
982	-46.5	-35.4
983	-57.3	-29.3
984	-64.5	-23.6
985	-67.5	-18.9
986	-66.7	-15.4
987	-62.9	-13.2
988	-57.4	-11.9
989	-51	-11.1
990	-44.5	-10.3
991	-38.6	-8.9
992	-33.5	-6.7
993	-29.3	-3.8
994	-25.8	-0.2
995	-22.5	3.4
996	-19.1	6.5
997	-15.4	8.8
998	-12.1	10.1
999	-9.9	10.3
1000	-10.3	9.8
